<Qucs Dataset 0.0.19>
<indep time 101>
  +0.00000000000000000000e+000
  +5.00000000000000031141e-010
  +1.00000000000000006228e-009
  +1.50000000000000019682e-009
  +2.00000000000000012456e-009
  +2.50000000000000005231e-009
  +3.00000000000000039364e-009
  +3.50000000000000032138e-009
  +4.00000000000000024913e-009
  +4.50000000000000059046e-009
  +5.00000000000000010461e-009
  +5.50000000000000044595e-009
  +6.00000000000000078728e-009
  +6.50000000000000030143e-009
  +7.00000000000000064277e-009
  +7.50000000000000098410e-009
  +8.00000000000000049825e-009
  +8.50000000000000001241e-009
  +9.00000000000000118092e-009
  +9.50000000000000069507e-009
  +1.00000000000000002092e-008
  +1.05000000000000013777e-008
  +1.10000000000000008919e-008
  +1.15000000000000004060e-008
  +1.20000000000000015746e-008
  +1.25000000000000010887e-008
  +1.30000000000000006029e-008
  +1.35000000000000017714e-008
  +1.40000000000000012855e-008
  +1.45000000000000007997e-008
  +1.50000000000000019682e-008
  +1.54999999999999998280e-008
  +1.60000000000000009965e-008
  +1.65000000000000021650e-008
  +1.70000000000000000248e-008
  +1.75000000000000011933e-008
  +1.80000000000000023618e-008
  +1.85000000000000002216e-008
  +1.90000000000000013901e-008
  +1.95000000000000025587e-008
  +2.00000000000000004185e-008
  +2.05000000000000015870e-008
  +2.10000000000000027555e-008
  +2.15000000000000006153e-008
  +2.20000000000000017838e-008
  +2.25000000000000029523e-008
  +2.30000000000000008121e-008
  +2.35000000000000019806e-008
  +2.40000000000000031491e-008
  +2.45000000000000010089e-008
  +2.50000000000000021774e-008
  +2.55000000000000033459e-008
  +2.60000000000000012057e-008
  +2.65000000000000023742e-008
  +2.70000000000000035428e-008
  +2.75000000000000014026e-008
  +2.80000000000000025711e-008
  +2.85000000000000037396e-008
  +2.90000000000000015994e-008
  +2.95000000000000027679e-008
  +3.00000000000000039364e-008
  +3.05000000000000017962e-008
  +3.09999999999999996560e-008
  +3.15000000000000041332e-008
  +3.20000000000000019930e-008
  +3.24999999999999998528e-008
  +3.30000000000000043300e-008
  +3.35000000000000021898e-008
  +3.40000000000000000496e-008
  +3.45000000000000045269e-008
  +3.50000000000000023867e-008
  +3.55000000000000002464e-008
  +3.60000000000000047237e-008
  +3.65000000000000025835e-008
  +3.70000000000000004433e-008
  +3.75000000000000049205e-008
  +3.80000000000000027803e-008
  +3.85000000000000006401e-008
  +3.90000000000000051173e-008
  +3.95000000000000029771e-008
  +4.00000000000000008369e-008
  +4.05000000000000053141e-008
  +4.10000000000000031739e-008
  +4.15000000000000010337e-008
  +4.20000000000000055110e-008
  +4.25000000000000033708e-008
  +4.30000000000000012305e-008
  +4.35000000000000057078e-008
  +4.40000000000000035676e-008
  +4.45000000000000014274e-008
  +4.50000000000000059046e-008
  +4.55000000000000037644e-008
  +4.60000000000000016242e-008
  +4.65000000000000061014e-008
  +4.70000000000000039612e-008
  +4.75000000000000018210e-008
  +4.80000000000000062982e-008
  +4.85000000000000041580e-008
  +4.90000000000000020178e-008
  +4.95000000000000064951e-008
  +5.00000000000000043549e-008
</indep>
<dep V1.It time>
  +0.00000000000000000000e+000
  +0.00000000000000000000e+000
  +0.00000000000000000000e+000
  +0.00000000000000000000e+000
  +0.00000000000000000000e+000
  +0.00000000000000000000e+000
  +0.00000000000000000000e+000
  +0.00000000000000000000e+000
  +0.00000000000000000000e+000
  +0.00000000000000000000e+000
  +0.00000000000000000000e+000
  -1.00000000000000002082e-002
  -1.00000000000000002082e-002
  -1.00000000000000002082e-002
  -9.91769456771593449496e-003
  -1.60000000000000003331e-002
  -1.61310496613501393182e-002
  -9.60063996800160010525e-003
  -9.70491036228555634113e-003
  -5.76140789120735928586e-003
  -5.83913651773073499873e-003
  -3.45809898753830172874e-003
  -3.65224212236306281301e-003
  -2.07625183696150475421e-003
  -2.27889413223869010880e-003
  -1.24722645327117183205e-003
  -1.39215298124637952212e-003
  -7.49861080202731712652e-004
  -8.00379384770997224542e-004
  -4.51471578398824333923e-004
  -4.81207917621224708169e-004
  -2.72455799524082850713e-004
  -2.90547415758701820833e-004
  -1.65057035827733685580e-004
  -1.75945049517356466324e-004
  -1.00625306218813387739e-004
  -1.07203487138278767861e-004
  -6.19625813892044123793e-005
  -6.59471765717267738175e-005
  -3.87695763748530111367e-005
  -4.11810762961173368129e-005
  -2.48568898051715344937e-005
  -2.63156599189295889777e-005
  -1.65104103571600558927e-005
  -1.73946763301668925800e-005
  -1.15036405645385643416e-005
  -1.20396052808935397006e-005
  -8.50057488017918973146e-006
  -8.82542560516896766837e-006
  -6.69900313128968290656e-006
  -1.64951973038923727088e-004
  +9.83494278134768896982e-003
  +9.82455074533898457811e-003
  +9.89937357791587611844e-003
  +9.81906722866376056869e-003
  +1.59380280262645876443e-002
  +1.60548453657307944875e-002
  +9.56185968683032246063e-003
  +9.65510988011475911053e-003
  +5.73654167936986630200e-003
  +5.80551249718019336810e-003
  +3.44158071271130237487e-003
  +3.49067276798867070706e-003
  +2.06474178606579766848e-003
  +2.09859165475648201671e-003
  +1.23872106607815328505e-003
  +1.26158103273142077269e-003
  +7.43158225567628217406e-004
  +7.58405181272237536617e-004
  +4.45850305208504976012e-004
  +4.55896472595890061771e-004
  +2.67483409200508276318e-004
  +2.74035527297803241376e-004
  +1.60473983390925636428e-004
  +1.64718626327600193866e-004
  +9.62747522387604788433e-005
  +9.90034685643529678567e-005
  +5.77590691075781199827e-005
  +5.95035891435620630224e-005
  +3.46519737463293753927e-005
  +3.57625309148483334844e-005
  +2.07891037267921230869e-005
  +2.14940349576505890879e-005
  +1.24722140995860572229e-005
  +1.29169600432913379980e-005
  +7.48258014238460072000e-006
  +7.76275626814559543249e-006
  +4.48909973612126444461e-006
  +4.66529468076691571148e-006
  +2.69319083905193859481e-006
  +2.80377673633474408117e-006
  -9.99838424619929957982e-003
  -9.99831497877608568747e-003
  -9.99903064397855527445e-003
  -9.92068978995091360629e-003
  -1.59940847359511424675e-002
  -1.59974249472056920252e-002
  -9.59642926155318196080e-003
  -9.61205633671593714928e-003
  -5.75862572078776266404e-003
  -5.77933953414087962092e-003
</dep>
<dep _net2.Vt time>
  +0.00000000000000000000e+000
  +0.00000000000000000000e+000
  +0.00000000000000000000e+000
  +0.00000000000000000000e+000
  +0.00000000000000000000e+000
  +0.00000000000000000000e+000
  +0.00000000000000000000e+000
  +0.00000000000000000000e+000
  +0.00000000000000000000e+000
  +0.00000000000000000000e+000
  +0.00000000000000000000e+000
  +0.00000000000000000000e+000
  +0.00000000000000000000e+000
  -4.12401098252031944602e-003
  +3.99980000999950013885e-001
  +3.95875361146860393902e-001
  +6.39944003999739940980e-001
  +6.36515336158393618682e-001
  +7.83908008679290113641e-001
  +7.81278392447883218708e-001
  +8.70277774078609844821e-001
  +8.58304038180622730358e-001
  +9.22094451391374025917e-001
  +9.14023884205096059929e-001
  +9.53181348887444102047e-001
  +9.49936228285085171308e-001
  +9.71831617924125201746e-001
  +9.69912868295046082245e-001
  +9.83020664772957908362e-001
  +9.81890901887111144930e-001
  +9.89733421199953999903e-001
  +9.89055545150610671001e-001
  +9.93760673005672612312e-001
  +9.93352992119847177932e-001
  +9.96176760425248830622e-001
  +9.95930903913141762906e-001
  +9.97626430469813807456e-001
  +9.97477751804870083063e-001
  +9.98496142716049361887e-001
  +9.98406119091537647137e-001
  +9.99017872713972687748e-001
  +9.98963380769998243736e-001
  +9.99330858719143177993e-001
  +9.99297857511516118834e-001
  +9.99518611314319627148e-001
  +9.99498612746394066164e-001
  +9.99631231037644174542e-001
  +9.99619111388289516285e-001
  +9.89760771092403790483e-001
  +9.89091844479917492450e-001
  +9.93760666103261969262e-001
  +9.93372569647418490746e-001
  +9.96176738886133783524e-001
  +9.99706993649769448673e-001
  +5.97646210180450387917e-001
  +6.01281376684302482083e-001
  +3.58551828005699679824e-001
  +3.61616923831245384857e-001
  +2.15109565392333557110e-001
  +2.17452196340706449540e-001
  +1.29052826584177326996e-001
  +1.30750540279190530235e-001
  +7.74239486747324290317e-002
  +7.86111650138888173878e-002
  +4.64497196171935397557e-002
  +4.72599678223040511882e-002
  +2.78670416684825561493e-002
  +2.84104604304887681243e-002
  +1.67185513308842383096e-002
  +1.70786026444734312379e-002
  +1.00301267918602894647e-002
  +1.02660717590145264544e-002
  +6.01747373931756784904e-003
  +6.17084985288254665725e-003
  +3.61012287398935430988e-003
  +3.70905892220848697888e-003
  +2.16585691083260190731e-003
  +2.22926437068921316428e-003
  +1.29938409410971199287e-003
  +1.33984538786857372908e-003
  +7.79552434880440882348e-004
  +8.05274187326756566048e-004
  +4.67684661665913577536e-004
  +4.83950638255572389897e-004
  +2.80582725650041172639e-004
  +2.90841715058583216193e-004
  +1.68332814569451916058e-004
  +1.74790618591363569470e-004
  +1.00989600912174937153e-004
  +1.05045458424896670665e-004
  +6.05877247406819111780e-005
  +6.31308998357613912781e-005
  +3.63490204910234021747e-005
  +1.64183645813388643785e-004
  +4.00185310111032088720e-001
  +4.00077200139681232738e-001
  +6.40089664441317873766e-001
  +6.39673806805779010531e-001
  +7.84007758599646997766e-001
  +7.83400350355180297157e-001
  +8.70342622491227624337e-001
</dep>
<dep _net1.Vt time>
  +0.00000000000000000000e+000
  +0.00000000000000000000e+000
  +0.00000000000000000000e+000
  +0.00000000000000000000e+000
  +0.00000000000000000000e+000
  +0.00000000000000000000e+000
  +0.00000000000000000000e+000
  +0.00000000000000000000e+000
  +0.00000000000000000000e+000
  +0.00000000000000000000e+000
  +0.00000000000000000000e+000
  +0.00000000000000000000e+000
  +0.00000000000000000000e+000
  -4.12401098252031944602e-003
  +3.99980000999950013885e-001
  +3.95875361146860393902e-001
  +6.39944003999739940980e-001
  +6.36515336158393618682e-001
  +7.83908008679290113641e-001
  +7.81278392447883218708e-001
  +8.70277774078609844821e-001
  +8.58304038180622730358e-001
  +9.22094451391374025917e-001
  +9.14023884205096059929e-001
  +9.53181348887444102047e-001
  +9.49936228285085171308e-001
  +9.71831617924125201746e-001
  +9.69912868295046082245e-001
  +9.83020664772957908362e-001
  +9.81890901887111144930e-001
  +9.89733421199953999903e-001
  +9.89055545150610671001e-001
  +9.93760673005672612312e-001
  +9.93352992119847177932e-001
  +9.96176760425248830622e-001
  +9.95930903913141762906e-001
  +9.97626430469813807456e-001
  +9.97477751804870083063e-001
  +9.98496142716049361887e-001
  +9.98406119091537647137e-001
  +9.99017872713972687748e-001
  +9.98963380769998243736e-001
  +9.99330858719143177993e-001
  +9.99297857511516118834e-001
  +9.99518611314319627148e-001
  +9.99498612746394066164e-001
  +9.99631231037644174542e-001
  +9.99619111388289516285e-001
  +9.89760771092403790483e-001
  +9.89091844479917492450e-001
  +9.93760666103261969262e-001
  +9.93372569647418490746e-001
  +9.96176738886133783524e-001
  +9.99706993649769448673e-001
  +5.97646210180450387917e-001
  +6.01281376684302482083e-001
  +3.58551828005699679824e-001
  +3.61616923831245384857e-001
  +2.15109565392333557110e-001
  +2.17452196340706449540e-001
  +1.29052826584177326996e-001
  +1.30750540279190530235e-001
  +7.74239486747324290317e-002
  +7.86111650138888173878e-002
  +4.64497196171935397557e-002
  +4.72599678223040511882e-002
  +2.78670416684825561493e-002
  +2.84104604304887681243e-002
  +1.67185513308842383096e-002
  +1.70786026444734312379e-002
  +1.00301267918602894647e-002
  +1.02660717590145264544e-002
  +6.01747373931756784904e-003
  +6.17084985288254665725e-003
  +3.61012287398935430988e-003
  +3.70905892220848697888e-003
  +2.16585691083260190731e-003
  +2.22926437068921316428e-003
  +1.29938409410971199287e-003
  +1.33984538786857372908e-003
  +7.79552434880440882348e-004
  +8.05274187326756566048e-004
  +4.67684661665913577536e-004
  +4.83950638255572389897e-004
  +2.80582725650041172639e-004
  +2.90841715058583216193e-004
  +1.68332814569451916058e-004
  +1.74790618591363569470e-004
  +1.00989600912174937153e-004
  +1.05045458424896670665e-004
  +6.05877247406819111780e-005
  +6.31308998357613912781e-005
  +3.63490204910234021747e-005
  +1.64183645813388643785e-004
  +4.00185310111032088720e-001
  +4.00077200139681232738e-001
  +6.40089664441317873766e-001
  +6.39673806805779010531e-001
  +7.84007758599646997766e-001
  +7.83400350355180297157e-001
  +8.70342622491227624337e-001
</dep>
<dep _net3.Vt time>
  +0.00000000000000000000e+000
  +0.00000000000000000000e+000
  +0.00000000000000000000e+000
  +0.00000000000000000000e+000
  +0.00000000000000000000e+000
  +0.00000000000000000000e+000
  +0.00000000000000000000e+000
  +0.00000000000000000000e+000
  +0.00000000000000000000e+000
  +0.00000000000000000000e+000
  +0.00000000000000000000e+000
  +0.00000000000000000000e+000
  +0.00000000000000000000e+000
  -4.12401098252031944602e-003
  +3.99980000999950013885e-001
  +3.95875361146860393902e-001
  +6.39944003999739940980e-001
  +6.36515336158393618682e-001
  +7.83908008679290113641e-001
  +7.81278392447883218708e-001
  +8.70277774078609844821e-001
  +8.58304038180622730358e-001
  +9.22094451391374025917e-001
  +9.14023884205096059929e-001
  +9.53181348887444102047e-001
  +9.49936228285085171308e-001
  +9.71831617924125201746e-001
  +9.69912868295046082245e-001
  +9.83020664772957908362e-001
  +9.81890901887111144930e-001
  +9.89733421199953999903e-001
  +9.89055545150610671001e-001
  +9.93760673005672612312e-001
  +9.93352992119847177932e-001
  +9.96176760425248830622e-001
  +9.95930903913141762906e-001
  +9.97626430469813807456e-001
  +9.97477751804870083063e-001
  +9.98496142716049361887e-001
  +9.98406119091537647137e-001
  +9.99017872713972687748e-001
  +9.98963380769998243736e-001
  +9.99330858719143177993e-001
  +9.99297857511516118834e-001
  +9.99518611314319627148e-001
  +9.99498612746394066164e-001
  +9.99631231037644174542e-001
  +9.99619111388289516285e-001
  +9.89760771092403790483e-001
  +9.89091844479917492450e-001
  +9.93760666103261969262e-001
  +9.93372569647418490746e-001
  +9.96176738886133783524e-001
  +9.99706993649769448673e-001
  +5.97646210180450387917e-001
  +6.01281376684302482083e-001
  +3.58551828005699679824e-001
  +3.61616923831245384857e-001
  +2.15109565392333557110e-001
  +2.17452196340706449540e-001
  +1.29052826584177326996e-001
  +1.30750540279190530235e-001
  +7.74239486747324290317e-002
  +7.86111650138888173878e-002
  +4.64497196171935397557e-002
  +4.72599678223040511882e-002
  +2.78670416684825561493e-002
  +2.84104604304887681243e-002
  +1.67185513308842383096e-002
  +1.70786026444734312379e-002
  +1.00301267918602894647e-002
  +1.02660717590145264544e-002
  +6.01747373931756784904e-003
  +6.17084985288254665725e-003
  +3.61012287398935430988e-003
  +3.70905892220848697888e-003
  +2.16585691083260190731e-003
  +2.22926437068921316428e-003
  +1.29938409410971199287e-003
  +1.33984538786857372908e-003
  +7.79552434880440882348e-004
  +8.05274187326756566048e-004
  +4.67684661665913577536e-004
  +4.83950638255572389897e-004
  +2.80582725650041172639e-004
  +2.90841715058583216193e-004
  +1.68332814569451916058e-004
  +1.74790618591363569470e-004
  +1.00989600912174937153e-004
  +1.05045458424896670665e-004
  +6.05877247406819111780e-005
  +6.31308998357613912781e-005
  +3.63490204910234021747e-005
  +1.64183645813388643785e-004
  +4.00185310111032088720e-001
  +4.00077200139681232738e-001
  +6.40089664441317873766e-001
  +6.39673806805779010531e-001
  +7.84007758599646997766e-001
  +7.83400350355180297157e-001
  +8.70342622491227624337e-001
</dep>
<dep V_OUTB.Vt time>
  +0.00000000000000000000e+000
  +0.00000000000000000000e+000
  +0.00000000000000000000e+000
  +0.00000000000000000000e+000
  +0.00000000000000000000e+000
  +0.00000000000000000000e+000
  +0.00000000000000000000e+000
  +0.00000000000000000000e+000
  +0.00000000000000000000e+000
  +0.00000000000000000000e+000
  +0.00000000000000000000e+000
  +0.00000000000000000000e+000
  +0.00000000000000000000e+000
  -4.12401098252031944602e-003
  +3.99980000999950013885e-001
  +3.95875361146860393902e-001
  +6.39944003999739940980e-001
  +6.36515336158393618682e-001
  +7.83908008679290113641e-001
  +7.81278392447883218708e-001
  +8.70277774078609844821e-001
  +8.58304038180622730358e-001
  +9.22094451391374025917e-001
  +9.14023884205096059929e-001
  +9.53181348887444102047e-001
  +9.49936228285085171308e-001
  +9.71831617924125201746e-001
  +9.69912868295046082245e-001
  +9.83020664772957908362e-001
  +9.81890901887111144930e-001
  +9.89733421199953999903e-001
  +9.89055545150610671001e-001
  +9.93760673005672612312e-001
  +9.93352992119847177932e-001
  +9.96176760425248830622e-001
  +9.95930903913141762906e-001
  +9.97626430469813807456e-001
  +9.97477751804870083063e-001
  +9.98496142716049361887e-001
  +9.98406119091537647137e-001
  +9.99017872713972687748e-001
  +9.98963380769998243736e-001
  +9.99330858719143177993e-001
  +9.99297857511516118834e-001
  +9.99518611314319627148e-001
  +9.99498612746394066164e-001
  +9.99631231037644174542e-001
  +9.99619111388289516285e-001
  +9.89760771092403790483e-001
  +9.89091844479917492450e-001
  +9.93760666103261969262e-001
  +9.93372569647418490746e-001
  +9.96176738886133783524e-001
  +9.99706993649769448673e-001
  +5.97646210180450387917e-001
  +6.01281376684302482083e-001
  +3.58551828005699679824e-001
  +3.61616923831245384857e-001
  +2.15109565392333557110e-001
  +2.17452196340706449540e-001
  +1.29052826584177326996e-001
  +1.30750540279190530235e-001
  +7.74239486747324290317e-002
  +7.86111650138888173878e-002
  +4.64497196171935397557e-002
  +4.72599678223040511882e-002
  +2.78670416684825561493e-002
  +2.84104604304887681243e-002
  +1.67185513308842383096e-002
  +1.70786026444734312379e-002
  +1.00301267918602894647e-002
  +1.02660717590145264544e-002
  +6.01747373931756784904e-003
  +6.17084985288254665725e-003
  +3.61012287398935430988e-003
  +3.70905892220848697888e-003
  +2.16585691083260190731e-003
  +2.22926437068921316428e-003
  +1.29938409410971199287e-003
  +1.33984538786857372908e-003
  +7.79552434880440882348e-004
  +8.05274187326756566048e-004
  +4.67684661665913577536e-004
  +4.83950638255572389897e-004
  +2.80582725650041172639e-004
  +2.90841715058583216193e-004
  +1.68332814569451916058e-004
  +1.74790618591363569470e-004
  +1.00989600912174937153e-004
  +1.05045458424896670665e-004
  +6.05877247406819111780e-005
  +6.31308998357613912781e-005
  +3.63490204910234021747e-005
  +1.64183645813388643785e-004
  +4.00185310111032088720e-001
  +4.00077200139681232738e-001
  +6.40089664441317873766e-001
  +6.39673806805779010531e-001
  +7.84007758599646997766e-001
  +7.83400350355180297157e-001
  +8.70342622491227624337e-001
</dep>
<dep V_OUTA.Vt time>
  +0.00000000000000000000e+000
  +0.00000000000000000000e+000
  +0.00000000000000000000e+000
  +0.00000000000000000000e+000
  +0.00000000000000000000e+000
  +0.00000000000000000000e+000
  +0.00000000000000000000e+000
  +0.00000000000000000000e+000
  +0.00000000000000000000e+000
  +0.00000000000000000000e+000
  +0.00000000000000000000e+000
  +0.00000000000000000000e+000
  -1.37800097777848501619e-003
  +2.00000000000000011102e-001
  +1.95610351485311056985e-001
  +5.19968001599919960043e-001
  +5.16039829495708590734e-001
  +7.11929605439632018360e-001
  +7.08804732006149018630e-001
  +8.27095050623084970809e-001
  +8.21394377428284472309e-001
  +8.96187408151924769228e-001
  +8.86424964516289826122e-001
  +9.37638677335043579930e-001
  +9.30355315072843636059e-001
  +9.62506946023568787929e-001
  +9.59915200187835826462e-001
  +9.77426421069991002710e-001
  +9.75900044667499466655e-001
  +9.86377210961527195465e-001
  +9.85474112099605337178e-001
  +9.91747147892921954160e-001
  +9.91204404439372854796e-001
  +9.94968782992995293135e-001
  +9.94642064378320811535e-001
  +9.96901628102834558298e-001
  +9.96704374314654417688e-001
  +9.98061326483702604406e-001
  +9.97941833403874434261e-001
  +9.98757041319342731001e-001
  +9.98684663408898276593e-001
  +9.99174388278963321319e-001
  +9.99130595510630659106e-001
  +9.99424748308798571728e-001
  +9.99398215239887699468e-001
  +9.99574929185075178317e-001
  +9.99558851566837658353e-001
  +9.99665014514214966823e-001
  +9.91748805441283076689e-001
  +9.91747138630614033517e-001
  +9.91231775926673885913e-001
  +9.94968782587150268881e-001
  +9.95943213997203424803e-001
  +7.96901513182126319812e-001
  +8.00741747511594770259e-001
  +4.78093033408777956517e-001
  +4.81596925203981784946e-001
  +2.86827106615631544084e-001
  +2.89621848076205112843e-001
  +1.72079043158245598155e-001
  +1.74149011736704939501e-001
  +1.03237097190652160617e-001
  +1.04708729387822011003e-001
  +6.19360590683861525485e-002
  +6.29529702556557713145e-002
  +3.71579155176432265884e-002
  +3.78441700605802872071e-002
  +2.22925174598001644977e-002
  +2.27500558214357925801e-002
  +1.33741716886579611878e-002
  +1.36755740259389985819e-002
  +8.02369981271183925486e-003
  +8.22037392661917679093e-003
  +4.81373807505572435389e-003
  +4.94107360241498577008e-003
  +2.88795375917210144640e-003
  +2.96978260379538198596e-003
  +1.73259881753951494252e-003
  +1.78495130214468503832e-003
  +1.03945524892699848150e-003
  +1.07279128291961267302e-003
  +6.23610752013340190886e-004
  +6.44744591061273430478e-004
  +3.74129006857905148896e-004
  +3.87475377822483178520e-004
  +2.24454964278943765090e-004
  +2.32864956125923550350e-004
  +1.34659526337886956788e-004
  +1.39945271304012854594e-004
  +8.07876548735900998658e-005
  +8.41057772500771610742e-005
  +4.84677669827942130530e-005
  -1.28931046744442659099e-003
  +2.00251484640598831355e-001
  +2.00130468538530226219e-001
  +5.20145473160456894846e-001
  +5.19820414807529940227e-001
  +7.12056503982469113367e-001
  +7.11475649577838598070e-001
  +8.27178965498945872881e-001
  +8.26533837716437957965e-001
</dep>
<dep _net0.Vt time>
  +0.00000000000000000000e+000
  +0.00000000000000000000e+000
  +0.00000000000000000000e+000
  +0.00000000000000000000e+000
  +0.00000000000000000000e+000
  +0.00000000000000000000e+000
  +0.00000000000000000000e+000
  +0.00000000000000000000e+000
  +0.00000000000000000000e+000
  +0.00000000000000000000e+000
  +0.00000000000000000000e+000
  +1.00000000000000000000e+000
  +1.00000000000000000000e+000
  +1.00000000000000000000e+000
  +1.00000000000000000000e+000
  +1.00000000000000000000e+000
  +1.00000000000000000000e+000
  +1.00000000000000000000e+000
  +1.00000000000000000000e+000
  +1.00000000000000000000e+000
  +1.00000000000000000000e+000
  +1.00000000000000000000e+000
  +1.00000000000000000000e+000
  +1.00000000000000000000e+000
  +1.00000000000000000000e+000
  +1.00000000000000000000e+000
  +1.00000000000000000000e+000
  +1.00000000000000000000e+000
  +1.00000000000000000000e+000
  +1.00000000000000000000e+000
  +1.00000000000000000000e+000
  +1.00000000000000000000e+000
  +1.00000000000000000000e+000
  +1.00000000000000000000e+000
  +1.00000000000000000000e+000
  +1.00000000000000000000e+000
  +1.00000000000000000000e+000
  +1.00000000000000000000e+000
  +1.00000000000000000000e+000
  +1.00000000000000000000e+000
  +1.00000000000000000000e+000
  +1.00000000000000000000e+000
  +1.00000000000000000000e+000
  +1.00000000000000000000e+000
  +1.00000000000000000000e+000
  +1.00000000000000000000e+000
  +1.00000000000000000000e+000
  +1.00000000000000000000e+000
  +1.00000000000000000000e+000
  +1.00000000000000000000e+000
  +1.00000000000000000000e+000
  +0.00000000000000000000e+000
  +0.00000000000000000000e+000
  +0.00000000000000000000e+000
  +0.00000000000000000000e+000
  +0.00000000000000000000e+000
  +0.00000000000000000000e+000
  +0.00000000000000000000e+000
  +0.00000000000000000000e+000
  +0.00000000000000000000e+000
  +0.00000000000000000000e+000
  +0.00000000000000000000e+000
  +0.00000000000000000000e+000
  +0.00000000000000000000e+000
  +0.00000000000000000000e+000
  +0.00000000000000000000e+000
  +0.00000000000000000000e+000
  +0.00000000000000000000e+000
  +0.00000000000000000000e+000
  +0.00000000000000000000e+000
  +0.00000000000000000000e+000
  +0.00000000000000000000e+000
  +0.00000000000000000000e+000
  +0.00000000000000000000e+000
  +0.00000000000000000000e+000
  +0.00000000000000000000e+000
  +0.00000000000000000000e+000
  +0.00000000000000000000e+000
  +0.00000000000000000000e+000
  +0.00000000000000000000e+000
  +0.00000000000000000000e+000
  +0.00000000000000000000e+000
  +0.00000000000000000000e+000
  +0.00000000000000000000e+000
  +0.00000000000000000000e+000
  +0.00000000000000000000e+000
  +0.00000000000000000000e+000
  +0.00000000000000000000e+000
  +0.00000000000000000000e+000
  +0.00000000000000000000e+000
  +6.61744490042422139897e-014
  +1.00000000000000000000e+000
  +1.00000000000000000000e+000
  +1.00000000000000000000e+000
  +1.00000000000000000000e+000
  +1.00000000000000000000e+000
  +1.00000000000000000000e+000
  +1.00000000000000000000e+000
  +1.00000000000000000000e+000
  +1.00000000000000000000e+000
  +1.00000000000000000000e+000
</dep>
<dep V_IN.Vt time>
  +0.00000000000000000000e+000
  +0.00000000000000000000e+000
  +0.00000000000000000000e+000
  +0.00000000000000000000e+000
  +0.00000000000000000000e+000
  +0.00000000000000000000e+000
  +0.00000000000000000000e+000
  +0.00000000000000000000e+000
  +0.00000000000000000000e+000
  +0.00000000000000000000e+000
  +0.00000000000000000000e+000
  +5.00000000000000000000e-001
  +5.00000000000000000000e-001
  +5.00000000000000000000e-001
  +5.04115271614203219741e-001
  +1.99999999999999983347e-001
  +1.93447516932493041031e-001
  +5.19968001599919960043e-001
  +5.14754481885722148249e-001
  +7.11929605439632018360e-001
  +7.08043174113463291697e-001
  +8.27095050623084859787e-001
  +8.17387893881846849808e-001
  +8.96187408151924769228e-001
  +8.86055293388065545734e-001
  +9.37638677336441461740e-001
  +9.30392350937681023026e-001
  +9.62506945989863416102e-001
  +9.59981030761450138122e-001
  +9.77426421080058838164e-001
  +9.75939604118938763833e-001
  +9.86377210023795858440e-001
  +9.85472629212064910043e-001
  +9.91747148208613316100e-001
  +9.91202747524132177226e-001
  +9.94968734689059330911e-001
  +9.94639825643086061824e-001
  +9.96901870930539724114e-001
  +9.96702641171413716847e-001
  +9.98061521181257349511e-001
  +9.97940946185194133200e-001
  +9.98757155509741423316e-001
  +9.98684217004053520483e-001
  +9.99174479482141997266e-001
  +9.99130266183491655418e-001
  +9.99424817971773071790e-001
  +9.99398019735955323029e-001
  +9.99574971255991040486e-001
  +9.99558728719741607094e-001
  +9.99665049843435515875e-001
  +9.91752401348053869157e-001
  +4.91747139067384431144e-001
  +4.91227537266949232375e-001
  +4.94968678895793823269e-001
  +4.90953361433188018026e-001
  +7.96901401313229396095e-001
  +8.02742268286539717437e-001
  +4.78092984341516147317e-001
  +4.82755494005737972874e-001
  +2.86827083968493323773e-001
  +2.90275624859009651058e-001
  +1.72079035635565119611e-001
  +1.74533638399433532751e-001
  +1.03237089303289883424e-001
  +1.04929582737824100835e-001
  +6.19360533039076677220e-002
  +6.30790516365710429714e-002
  +3.71579112783814100029e-002
  +3.79202590636118774814e-002
  +2.22925152604252496680e-002
  +2.27948236297945035223e-002
  +1.33741704600254130569e-002
  +1.37017763648901620688e-002
  +8.02369916954628198402e-003
  +8.23593131638000915118e-003
  +4.81373761193802391506e-003
  +4.95017342821764839284e-003
  +2.88795345537890598558e-003
  +2.97517945717810320533e-003
  +1.73259868731646883740e-003
  +1.78812654574241666067e-003
  +1.03945518633960618145e-003
  +1.07470174788252951538e-003
  +6.23610704979302827265e-004
  +6.45848002164566893125e-004
  +3.74129007119230019059e-004
  +3.88137813407279778401e-004
  +2.24454986806063230701e-004
  +2.33264734038345794044e-004
  +1.34659541952596921270e-004
  +1.40188836882911650522e-004
  +5.00080787690035055704e-001
  +5.00084251061195694810e-001
  +5.00048467801072260563e-001
  +5.03965510502454305808e-001
  +2.00295763202442883566e-001
  +2.00128752639715412620e-001
  +5.20178536922340950532e-001
  +5.19397183164203135597e-001
  +7.12068713960611887615e-001
  +7.11033023292956034567e-001
</dep>
